0
4.318204610145863e-01 6.229691141456888e-01
3.139939007259214e-01 -1.932559440301438e-01
4.345920935834701e-01 6.326182686302799e-01

0
6.571177078922430e-01 4.019475081690695e-01
6.072588939561882e-01 -3.982022123689986e-01
1.172876364792303e-01 3.717008941602551e-01

1
5.541090588699595e-02 6.470527248018004e-01
5.894079078067860e-01 -2.502058360428218e-01
6.024473513449178e-01 4.087941212263988e-01

1
4.102751545415455e-01 1.066451339112634e+00
7.203678478404397e-01 -9.145207938281298e-01
-1.383716779293151e-01 -8.776402352340673e-02

2
4.187682120222116e-01 -3.939097842129653e-02
3.925538712693792e-01 2.944360613845084e-01
8.143147991201217e-01 9.445240312880318e-01

2
5.816235731599338e-01 -4.183946171282258e-01
7.483615766932556e-01 1.996375291913849e-01
6.161765271158098e-01 7.245515924153215e-01

3
-1.824550883134184e+00 -1.856307506783156e-01
2.064114227389544e+00 1.689793903224779e-01
1.978066404101061e+00 -2.497456743624681e-01

3
-3.040816894350932e+00 9.621562806184526e-01
3.279316547957613e+00 -1.196623822039102e+00
1.583891125549801e+00 -1.983180717928401e+00

4
4.042348098591505e-01 -5.631676229594753e-01
4.577869274711069e-01 6.796515649659389e-01
1.116619601680940e+00 1.188796067537318e+00

4
1.823820535472687e-01 -1.182682273329274e+00
1.122668645791929e+00 7.224017033876461e-01
1.239512139014010e+00 8.678582121602579e-01

5
3.253461906035087e-01 2.452156988643643e-01
4.319163512921477e-01 7.457700708064970e-02
6.988870526263130e-01 7.546703269886078e-01

5
6.588620963828279e-01 8.093095788221557e-03
6.469540670051228e-01 -1.072203117847624e-01
3.384976386826615e-01 5.625262990022616e-01

