0
52
1.489579879220357e+00 1.085554276127360e+00
-5.463027749243178e-01 1.882401164868409e-01
0.000000000000000e+00 0.000000000000000e+00
52
1.489579879221794e+00 1.085554276126276e+00
-5.463027749229814e-01 1.882401164877152e-01
3.442972249105139e-16
7.444232093804246e+00
3.062955158724396e-16
3.906250000000000e-04
1.800700044815983e-12
0.000000000000000e+00
1
0
0
1.343321899961031e-01
0.000000000000000e+00
1
52
-5.495305333903022e-01 7.334145746149792e-01
-8.998400045108119e-02 -2.728471283061191e-01
0.000000000000000e+00 0.000000000000000e+00
52
-5.495305333903037e-01 7.334145746149764e-01
-8.998400045109152e-02 -2.728471283061184e-01
1.846870412018233e-16
2.268182420784507e+00
1.101947811274166e-16
3.906250000000000e-04
1.033269104570972e-14
0.000000000000000e+00
1
0
0
4.408816463951454e-01
0.000000000000000e+00
