0
52
2.827790363794573e+00 -1.371056446930760e+00
0.000000000000000e+00 0.000000000000000e+00
52
2.827790363794581e+00 -1.371056446930767e+00
3.552713678800501e-14
1.000000000000000e+00
2.488295038941238e-15
3.906250000000000e-04
1.020680867341746e-14
0.000000000000000e+00
1
0
0
1.000000000000000e+00
0.000000000000000e+00
1
52
1.913455006882418e-01 -1.048757218454192e+00
0.000000000000000e+00 0.000000000000000e+00
52
1.913455006882530e-01 -1.048757218454162e+00
2.359223927328458e-16
1.000000000000000e+00
1.180226721514875e-17
3.906250000000000e-04
3.282855752841027e-14
0.000000000000000e+00
1
0
0
1.000000000000000e+00
0.000000000000000e+00
2
52
-1.129173955723058e+00 1.276058723262050e-02
0.000000000000000e+00 0.000000000000000e+00
52
-1.129173955728290e+00 1.276058722763740e-02
3.855927796350634e-16
1.000000000000000e+00
7.560172266924935e-17
1.562500000000000e-03
7.224396371082200e-12
0.000000000000000e+00
1
0
0
1.000000000000000e+00
0.000000000000000e+00
3
52
-2.996345736552458e-01 -7.090180585607947e-01
0.000000000000000e+00 0.000000000000000e+00
52
-2.996345736552512e-01 -7.090180585608223e-01
3.736708725176135e-17
1.000000000000000e+00
1.986191331565165e-17
3.906250000000000e-04
2.806581443348517e-14
0.000000000000000e+00
1
0
0
4.428247300176110e-01
0.000000000000000e+00
4
52
-6.427686178043940e-01 -4.463662526510505e-01
0.000000000000000e+00 0.000000000000000e+00
52
-6.427686178084810e-01 -4.463662526515031e-01
1.636534854170084e-17
1.000000000000000e+00
1.649108247306334e-17
1.562500000000000e-03
4.111040753137821e-12
0.000000000000000e+00
1
0
0
4.652508900027581e-01
0.000000000000000e+00
5
52
-1.142303479673771e+00 2.269267884815386e+00
0.000000000000000e+00 0.000000000000000e+00
52
-1.142303479673778e+00 2.269267884815399e+00
5.859285502108464e-14
1.000000000000000e+00
2.188397729274796e-15
3.906250000000000e-04
1.454688756488949e-14
0.000000000000000e+00
1
0
0
1.000000000000000e+00
0.000000000000000e+00
