3
1
1
6
52
5.767376211739575e-01 6.282334986937284e-01
7.674222346085638e-01 -8.369375690297903e-02
5.392790524433325e-01 1.605705992969532e-01
52
5.767376211739571e-01 6.282334986937276e-01
7.674222346085640e-01 -8.369375690297849e-02
5.392790524433332e-01 1.605705992969532e-01
1.000000000000000e+00
0
1.000000000000000e+00
0.000000000000000e+00
10
1
0
0
52
-1.602443676367499e-02 1.203826208457000e+00
1.145190865657124e+00 -5.703604599861062e-01
5.004836687703225e-01 -4.510638681962570e-01
52
-1.602443676365492e-02 1.203826208457044e+00
1.145190865657104e+00 -5.703604599861365e-01
5.004836687702878e-01 -4.510638681962669e-01
1.000000000000000e+00
0
1.000000000000000e+00
0.000000000000000e+00
10
1
0
0
52
8.272389002017182e-01 -1.312271300478793e-01
6.614927566419447e-01 5.031164036210360e-01
8.467104282809613e-01 6.678684342137199e-01
52
8.272389001976439e-01 -1.312271300485533e-01
6.614927566450232e-01 5.031164036211098e-01
8.467104282833051e-01 6.678684342117478e-01
1.000000000000000e+00
0
1.000000000000000e+00
0.000000000000000e+00
10
1
0
0
52
-3.417443551488077e+00 -4.140728466337441e-01
3.824964227176491e+00 2.702670546891476e-01
3.052156999831396e+00 -1.588902580128420e+00
52
-3.417443551487398e+00 -4.140728466334556e-01
3.824964227175960e+00 2.702670546890051e-01
3.052156999830906e+00 -1.588902580128176e+00
1.000000000000000e+00
0
4.428247300176110e-01
0.000000000000000e+00
10
1
0
0
52
7.557921170954649e-01 -1.095553006427273e+00
8.145895511837568e-01 1.207686962849821e+00
1.424824919327327e+00 1.092402655973951e+00
52
7.557921170882330e-01 -1.095553006414090e+00
8.145895511877247e-01 1.207686962839335e+00
1.424824919323381e+00 1.092402655963519e+00
1.000000000000000e+00
0
4.652508900027581e-01
0.000000000000000e+00
10
1
0
0
52
7.833622617342078e-01 3.260962257382413e-01
6.463013546876037e-01 1.608883973801977e-01
6.100255133000481e-01 4.226966338564153e-01
52
7.833622617342069e-01 3.260962257382415e-01
6.463013546876044e-01 1.608883973801973e-01
6.100255133000483e-01 4.226966338564144e-01
1.000000000000000e+00
0
1.000000000000000e+00
0.000000000000000e+00
10
1
0
0
-1

2
1 0

3
1140611501023303762541835846347992314923440248706858976108824090192077664331699559761960848810071784031629074615203177131366646562267127319964191095649076690753426434798790567714969373895224758359990451996124311998639203237643994693580262160005569660775072659852055852816778786602414150877265750046415499414289/1250000000000000000000000000000000000000000000000000000000000000000000000000000000000000000000000000000000000000000000000000000000000000000000000000000000000000000000000000000000000000000000000000000000000000000000000000000000000000000000000000000000000000000000000000000000000000000000000000000000000000000000 434584737989687770134811077603985168792815621184049185654946761110782116174593397627789679494631058703919402291217931836943834797178410177510939919019085707252105076861719205171798856922379616420297180673230957760587573291173173948566046669671970933587615554618847780450931663731420859332204639404287002261807/2500000000000000000000000000000000000000000000000000000000000000000000000000000000000000000000000000000000000000000000000000000000000000000000000000000000000000000000000000000000000000000000000000000000000000000000000000000000000000000000000000000000000000000000000000000000000000000000000000000000000000000000000000000000000000000000000000000000000000000000000000000000000000000000000000000000000000000000000000000000000000000000000000000000000000000000000000000000000000000000000000000000000000000000000000000000000000000000000000000000000000000000000000000000000000000000000000000000000000000000000000000000000000000
-5394727703685858123681991963219869311801267412291499834783554573354802450463192992315792832881137671826521413646970835979428694693197962194419429603829424372284471836043518446251466253997640571693034049346404139420964755262942761962644908337914474628109607262184315817941175613405715168717274841939173771976707/100000000000000000000000000000000000000000000000000000000000000000000000000000000000000000000000000000000000000000000000000000000000000000000000000000000000000000000000000000000000000000000000000000000000000000000000000000000000000000000000000000000000000000000000000000000000000000000000000000000000000000000000 56929018747467664925602246435878780606374664892738163551104659742573494998409599232837914301682356241005975951477428484860771541265811782942939458295231424514648042106075584781581444121361144465077085595457385641466021584189935342789909960951540252634531510199903882180088967454378523487142004747170016177307/312500000000000000000000000000000000000000000000000000000000000000000000000000000000000000000000000000000000000000000000000000000000000000000000000000000000000000000000000000000000000000000000000000000000000000000000000000000000000000000000000000000000000000000000000000000000000000000000000000000000000000000
4260252707356638377137791202252774888193728931650465934172530931039339861431552531385781083409433531803599356073732585358206685388376969714237553776352854213270485967152614135950878315655721830962574050635997189544598927699390325845688969846182700249703032762138391567099951780239228584982103870322610483239283/50000000000000000000000000000000000000000000000000000000000000000000000000000000000000000000000000000000000000000000000000000000000000000000000000000000000000000000000000000000000000000000000000000000000000000000000000000000000000000000000000000000000000000000000000000000000000000000000000000000000000000000000 -1910379499954463711380303234175539070902164449734340656076745803176313476270860303378609823288615418640826006904027270364723406960867015099296842149829313164820997934874656270545134013384691301929679581097959489373669706155463611451277138131556029824437902467291376241633323512444482515879174430600634323876593/10000000000000000000000000000000000000000000000000000000000000000000000000000000000000000000000000000000000000000000000000000000000000000000000000000000000000000000000000000000000000000000000000000000000000000000000000000000000000000000000000000000000000000000000000000000000000000000000000000000000000000000000

0 0
1 3
-3486560171238634950300434732105662574759533464842217370530486105632677996169836435393872991696444989623667181225639282598962054286532684501019633979544712492548987921105750213988273604800053811956345853989113829922539973274502433928279400559278820879010023079762680953319488713245941126381055606436609659233543/10000000000000000000000000000000000000000000000000000000000000000000000000000000000000000000000000000000000000000000000000000000000000000000000000000000000000000000000000000000000000000000000000000000000000000000000000000000000000000000000000000000000000000000000000000000000000000000000000000000000000000000000 -3798123243274869777782929857264555384635878229201534631243012692890815528779313595389776075107513196150113451302285765007328090048197493335180829024726448270320098907756196909400254305729519510857033474416560825921523979825812830332481788123902248209459597844995531297952185129170473448092304353488524159840047/10000000000000000000000000000000000000000000000000000000000000000000000000000000000000000000000000000000000000000000000000000000000000000000000000000000000000000000000000000000000000000000000000000000000000000000000000000000000000000000000000000000000000000000000000000000000000000000000000000000000000000000000
-502798174353801336068574968877299956735348755754356689501940243154011474846544735465191226878181076950283063266570828381460355519275417060257385000826855740145966072690858446060299628354880053700234990561401609472558864684530507576982528060108531377965305647070325562978920256331647711407993657291492120081981/500000000000000000000000000000000000000000000000000000000000000000000000000000000000000000000000000000000000000000000000000000000000000000000000000000000000000000000000000000000000000000000000000000000000000000000000000000000000000000000000000000000000000000000000000000000000000000000000000000000000000000000 614578765032804933163048205486667531466898714493503195919958327575357465359636472243944591661592822064953836732817768202340795233215577846877984014428166757917456311288101989121040218340659818854207161594090087604812331707657556361064527534062011044637798639158740673249510890023789015773934675872930628057999/1250000000000000000000000000000000000000000000000000000000000000000000000000000000000000000000000000000000000000000000000000000000000000000000000000000000000000000000000000000000000000000000000000000000000000000000000000000000000000000000000000000000000000000000000000000000000000000000000000000000000000000000
1168608030059877755709053883714520136765300456452833997420680678765670995054432302538015126946097761937568619543717192739679823319624936669776678686411908958416868302918220815231450893137348595405745503292009865521530417118415973684885749667976554447209519210925332818750090973329948748291678822602526860419607/1000000000000000000000000000000000000000000000000000000000000000000000000000000000000000000000000000000000000000000000000000000000000000000000000000000000000000000000000000000000000000000000000000000000000000000000000000000000000000000000000000000000000000000000000000000000000000000000000000000000000000000000 -1956592867691671367435741176794702709486977908805832647037190561022552761671196419631983035459450964954348139041905011013796365956387171936359333367939344046695130347503193482280020932278150225486849364344878775577467905657811694300199495943106461155327679635532528744029880708580929781648842891150227724043557/5000000000000000000000000000000000000000000000000000000000000000000000000000000000000000000000000000000000000000000000000000000000000000000000000000000000000000000000000000000000000000000000000000000000000000000000000000000000000000000000000000000000000000000000000000000000000000000000000000000000000000000000

3
639790581174542738781771167617125665765176590205295465216948081230913058383071907884016334291052085669475832688705389112781576472224729786248527565326444251069703881122485820137427086250167168229740457845397445874203870933300337273059978652628823323872830600974363734235092981864578746492623932791677005024167/2500000000000000000000000000000000000000000000000000000000000000000000000000000000000000000000000000000000000000000000000000000000000000000000000000000000000000000000000000000000000000000000000000000000000000000000000000000000000000000000000000000000000000000000000000000000000000000000000000000000000000000000 -1143695496785179210521854014669878803449423573960014075994581518323949559457265879601615422516752363353312409000917572042218010888475930588784897312872791119668410187773163906053521696250846178131998079383643719607593803228224973486886365056497364250654248534305903361592454852797385120571780031343200487973647/5000000000000000000000000000000000000000000000000000000000000000000000000000000000000000000000000000000000000000000000000000000000000000000000000000000000000000000000000000000000000000000000000000000000000000000000000000000000000000000000000000000000000000000000000000000000000000000000000000000000000000000000
2768708354089882635177755182731094854211396657645857468836679695547435244553641880198044971133121560183797088215822863341458098421534935501003901413891987823477873735522194627975739367521091265523855132690894548366649047885871285210663811332992335745180820011621090945359452039369808871728571600657862760509523/5000000000000000000000000000000000000000000000000000000000000000000000000000000000000000000000000000000000000000000000000000000000000000000000000000000000000000000000000000000000000000000000000000000000000000000000000000000000000000000000000000000000000000000000000000000000000000000000000000000000000000000000 941410721793532243694252124208758995557729719059037062775491093529621776481877439431234504682725583711010838786577089985873142078566725086511556790838686334556810753206859949461317391346293945486055047349038844465393090060690314748681942671894777677857284773145886781516957195197166439474654613535483518788807/2500000000000000000000000000000000000000000000000000000000000000000000000000000000000000000000000000000000000000000000000000000000000000000000000000000000000000000000000000000000000000000000000000000000000000000000000000000000000000000000000000000000000000000000000000000000000000000000000000000000000000000000
364926239972335313182195220567367695709061517478209923365942921575806727137646493978134025433416616135212255594828521328144092092090267984577100637257328454478291904574795982755766669791414682274925058941316380024101832934966587077316946739949573237112548716936555005733448824602966701280563520045422432656929/1250000000000000000000000000000000000000000000000000000000000000000000000000000000000000000000000000000000000000000000000000000000000000000000000000000000000000000000000000000000000000000000000000000000000000000000000000000000000000000000000000000000000000000000000000000000000000000000000000000000000000000000 -1475900703911914406365811358205699552388550424926339729184553827903956791181886404455274261063309183780911223295455696788498710943104696873987176594761308702033021017944281918590651181438381641697591784239058001831593806838448456059521971846111644710872209380090990803564552737397618292537171686077766040792261/2500000000000000000000000000000000000000000000000000000000000000000000000000000000000000000000000000000000000000000000000000000000000000000000000000000000000000000000000000000000000000000000000000000000000000000000000000000000000000000000000000000000000000000000000000000000000000000000000000000000000000000000

