52
3
-1.109659823314230e+00 -8.086816847150060e-01
1.109659823314230e+00 8.086816847150057e-01
0.000000000000000e+00 -1.110223024625157e-16
52
-1.109659823315965e+00 -8.086816847146123e-01
1.109659823315413e+00 8.086816847144824e-01
9.495737529618964e-13 2.239042284912784e-13
0.000000000000000e+00 0.000000000000000e+00
7.444232093804246e+00
0
1.343321899961031e-01
0.000000000000000e+00
0
52
3
-4.093717719299627e-01 5.463558541817182e-01
-4.093717719299627e-01 5.463558541817183e-01
2.775557561562891e-17 -2.775557561562891e-17
52
-4.093717719299618e-01 5.463558541817131e-01
-4.093717719299653e-01 5.463558541817142e-01
-8.132383655379272e-15 3.885780586188048e-16
0.000000000000000e+00 0.000000000000000e+00
2.268182420784507e+00
0
4.408816463951454e-01
0.000000000000000e+00
0
