52
2
2.240829070694461e+00 1.181686661103134e+00
2.063412243969104e+00 -1.000447096783171e+00
52
2.240829070694468e+00 1.181686661103132e+00
2.063412243969110e+00 -1.000447096783176e+00
0.000000000000000e+00 0.000000000000000e+00
1.000000000000000e+00
0
1.000000000000000e+00
0.000000000000000e+00
0
52
2
5.801557720454560e-01 4.464258154316799e-01
1.396230265169682e-01 -7.652683569532692e-01
52
5.801557720454521e-01 4.464258154317013e-01
1.396230265169764e-01 -7.652683569532474e-01
0.000000000000000e+00 0.000000000000000e+00
1.000000000000000e+00
0
1.000000000000000e+00
0.000000000000000e+00
0
52
2
-5.672397491865946e-01 6.065290432117209e-01
-8.239476998158574e-01 9.311281441914466e-03
52
-5.672397491879188e-01 6.065290432069610e-01
-8.239476998196751e-01 9.311281438278345e-03
0.000000000000000e+00 0.000000000000000e+00
1.000000000000000e+00
0
1.000000000000000e+00
0.000000000000000e+00
0
52
2
1.728097850876872e-01 4.737011931031637e-01
-2.186405526776918e-01 -5.173638618905159e-01
52
1.728097850876938e-01 4.737011931031456e-01
-2.186405526776957e-01 -5.173638618905361e-01
0.000000000000000e+00 0.000000000000000e+00
1.000000000000000e+00
0
4.428247300176110e-01
0.000000000000000e+00
0
52
2
-1.207164427393353e-01 5.075659394969125e-01
-4.690222631061465e-01 -3.257092897716988e-01
52
-1.207164427415758e-01 5.075659394952138e-01
-4.690222631091288e-01 -3.257092897720291e-01
0.000000000000000e+00 0.000000000000000e+00
1.000000000000000e+00
0
4.652508900027581e-01
0.000000000000000e+00
0
52
2
-1.366182259387830e+00 1.926552566739399e+00
-8.335281909386267e-01 1.655863602311256e+00
52
-1.366182259387839e+00 1.926552566739404e+00
-8.335281909386320e-01 1.655863602311265e+00
0.000000000000000e+00 0.000000000000000e+00
1.000000000000000e+00
0
1.000000000000000e+00
0.000000000000000e+00
0
